-7.750   2.750   0.250  O
-8.650   2.650   0.350  H
-7.350   2.550   1.150  H
-7.250  -0.250  -2.250  O
-6.450   0.050  -2.650  H
-7.950   0.150  -2.750  H
0.250  -3.250   3.750  O
-0.050  -3.850   3.050  H
0.250  -2.350   3.350  H
2.250  -1.750   3.750  O
1.350  -2.050   3.850  H
2.150  -0.950   3.350  H
0.250   0.750  -3.750  O
-0.650   0.550  -3.550  H
0.250   1.750  -3.750  H
3.250   4.750   0.250  O
2.350   5.050  -0.050  H
3.050   4.050   0.850  H
-3.250  -0.250  -3.750  O
-4.150  -0.050  -3.650  H
-2.850   0.550  -4.050  H
-3.250  -0.250  -3.750  O
-2.850   0.550  -4.050  H
-4.150  -0.050  -3.650  H
